1.8091
0.0777
0.9502
1.9403
0.01
0.2384
0.0515
0.2015
0.2612
0.3179
0.0601
0.0579
0.3477
0.2804
0.3112
0.343
0.2371
0.1911
0.0031
0.0621
0.2212
0.0539
0.1799
0.0595
0.3068
0.3153
0.3013
0.2195
0.0586
0.065
0.3814
0.2023
0.3551
0.4581
0.2857
0.3331
0.3134
0.3102
0.2832
0.0594
0.3195
0.0525
0.05
0.0465
0.0454
0.0474
0.0486
0.0553
0.0413
0.0584
0.0509
0.0091
0.1979
0.2131
0.0476
0.0451
0.0497
0.0463
0.0451
0.2766
0.4813
0.386
0.3732
0.2865
0.2481
0.4395
0.2339
0.0476
0.2114
0.0446
0.0494
0.0462
0.298
0.0514
0.0459
0.0464
0.2344
0.002
0.0638
0.0038
0.0668
0.0019
0.0127
0.2137
0.0503
0.0095
0.0022
0.0359
0.3168
0.2267
0.0094
0.0513
0.2792
0.2807
0.4277
0.2847
0.3007
0.1717
0.0541
0.3253
0.2933
0.2984
0.3084
0.3086
0.0504
0.0577
0.054
0.199
0.1343
0.2466
0.2382
0.3801
0.2624
0.1844
0.0436
0.1936
0.5859
0.2017
0.1703
0.2668
0.3535
0.3037
0.4353
0.2673
0.241
0.1941
0.2127
0.3958
0.5914
0.6918
0.0758
0.2532
0.3028
0.2149
0.2188
0.2076
0.1765
0.4178
0.1771
0.1977
1.2147
0.2286
0.2109
0.0044
0.1868
0.2333
0.236
0.1885
0.1608
0.1884
0.2335
0.0581
0.2433
0.0012
0.2196
0.2964
0.2959
0.052
0.2279
0.2336
0.2797
0.2105
0.2629
0.2968
0.3218
0.3226
0.295
0.2213
0.2814
0.2293
0.1687
0.1693
0.033
0.2884
0.3964
0.4814
0.2256
0.1899
0.1858
0.2324
0.2172
0.219
0.0574
0.0615
0.1888
0.1828
0.1849
0.18
0.235
0.2194
0.0006
0.0009
0.3486
0.3572
0.2859
0.3706
0.1813
0.3393
0.3361
0.0007
0.4077
0.2968
0.3364
0.2537
0.3468
0.2934
0.2853
0.175
0.2993
0.2897
0.2998
0.2209
0.2331
0.2302
0.0008
4.0907
0.2375
0.2351
0.3478
0.5538
1.5866
0.2378
0.251
0.4181
0.2449
0.2934
0.2647
0.0008
0.2989
0.3129
0.2983
0.3569
0.3829
0.2205
0.278
0.4491
0.3124
0.2962
0.3539
0.2874
0.4613
0.3323
0.3926
0.3018
0.4594
0.2996
0.2722
0.4019
0.3312
0.3511
0.2932
0.3343
0.3561
0.3016
0.4074
0.2423
0.3109
0.3626
0.3728
0.3854
0.3475
0.3266
0.392
0.3576
0.3426
0.4017
0.3631
0.3636
0.0358
0.0661
