0.0337
0.0479
0.1904
0.0781
0.8873
0.8102
0.689
1.054
0.8348
0.9634
1.3588
0.655
0.5682
0.0068
1.1789
0.6443
2.3373
0.5459
1.0604
0.8543
0.515
0.9823
0.0303
0.5779
0.5347
0.6721
0.8271
0.661
0.7853
0.005
0.5146
0.421
0.5036
0.6133
0.6039
1.0263
1.4459
0.7894
1.9635
0.688
0.4223
2.7916
0.0641
0.8127
0.107
0.5514
0.4544
0.5845
0.6201
0.5974
0.7376
0.7841
0.0501
1.4276
0.4603
0.5194
0.6468
0.9794
0.2055
1.9005
0.0125
0.6402
0.6782
0.5624
0.5743
0.8623
0.7435
0.0309
1.6799
0.5395
0.8739
0.4394
0.724
0.5851
0.7239
0.5685
0.7301
0.4878
0.0096
0.0066
0.333
0.5874
0.4982
0.6493
0.3461
1.7822
0.8978
0.7364
0.7408
0.7027
1.5316
0.94
2.8292
0.3809
0.3994
0.3325
0.4316
0.0141
0.5326
0.0254
0.7284
0.6869
4.3163
0.9142
0.9558
0.5505
0.2923
0.9441
0.5573
0.6022
2.262
0.6024
0.5016
0.3822
0.3404
0.7037
0.9756
0.4092
0.4854
0.5736
0.4964
1.2647
0.7453
0.7208
3.55
0.6164
1.0798
0.5194
1.7643
1.2655
1.4251
2.129
0.3596
0.3311
0.9058
0.6257
0.6211
0.5898
3.5418
0.5953
0.5159
0.6903
0.7084
0.932
1.576
0.5732
0.5488
1.094
0.8149
0.9664
1.0731
0.661
0.7211
0.5152
0.6773
1.1941
0.7321
0.3783
1.7303
0.5628
0.9109
0.4049
0.7472
0.9144
0.7062
0.5185
0.02
0.4586
0.6992
0.5887
0.7494
0.9009
1.9297
0.4216
1.3856
0.6499
1.0057
5.5743
1.3294
0.6396
1.5345
1.0698
0.715
0.0816
0.7512
0.5731
0.1827
0.1927
0.0238
0.178
0.1645
0.0715
0.3705
0.0209
0.0222
0.0296
0.0561
1.3943
0.035
0.4943
0.4234
1.0046
0.0369
0.5888
0.1067
0.0162
0.014
0.108
0.0143
0.1097
0.0942
0.2199
0.2167
1.0113
0.141
0.1155
0.0879
0.1318
0.0028
0.1264
0.1725
