0.064
0.036
0.14
0.017
0.326
0.057
0.087
0.333
0.081
0.129
0.406
0.011
0.016
0.003
0.13
0.027
0.587
0.011
0.183
0.096
0.027
0.114
0.005
0.017
0.02
0.055
0.044
0.059
0.126
0.003
0.022
0.02
0.013
0.041
0.031
0.144
0.414
0.035
0.404
0.037
0.003
1.377
0.001
0.013
0.006
0.027
0.029
0.013
0.031
0.025
0.092
0.126
0.01
0.268
0.007
0.014
0.015
0.058
0.001
0.329
0.001
0.022
0.062
0.016
0.026
0.105
0.026
0.003
0.312
0.051
0.076
0.009
0.044
0.067
0.024
0.031
0.002
0.013
0.001
0.001
0.007
0.034
0.016
0.016
0.005
0.44
0.077
0.027
0.029
0.02
0.152
0.105
0.692
0.003
0.012
0.002
0.011
0.001
0.018
0.002
0.131
0.037
1.735
0.034
0.046
0.011
0.001
0.033
0.04
0.015
0.311
0.009
0.007
0.006
0.003
0.046
0.045
0.003
0.002
0.034
0.004
0.094
0.012
0.025
0.884
0.009
0.06
0.009
0.161
0.049
0.119
0.12
0.006
0.001
0.04
0.008
0.015
0.02
0.427
0.009
0.006
0.012
0.008
0.027
0.09
0.006
0.007
0.044
0.018
0.033
0.054
0.019
0.023
0.006
0.02
0.046
0.017
0.001
0.131
0.003
0.043
0.011
0.016
0.034
0.021
0.003
0.001
0.002
0.018
0.01
0.025
0.037
0.255
0.002
0.079
0.009
0.021
1.05
0.046
0.006
0.102
0.052
0.015
0.006
0.015
0.003
0.009
0.003
0.004
0.001
0.002
0.002
0.16
0.003
0.001
0.003
0.003
0.321
0.022
0.004
0.015
0.123
0.003
0.039
0.054
0.012
0.007
0.004
0.002
0.001
0.001
0.01
0.013
0.266
0.002
0.001
0.001
0.005
0.001
0.003
0.008
