0.1482
0.047
0.0866
0.0312
0.1356
0.0206
0.0447
0.0404
0.2445
0.0116
0.0358
0.0197
0.0348
0.0939
0.0468
0.042
1.6469
0.0232
0.1003
0.0575
0.0767
0.0268
0.1214
0.6674
0.0434
0.0431
0.0279
0.0282
0.2301
0.1053
0.0091
0.0491
0.056
0.0403
0.0505
0.0379
0.0281
0.0424
0.0309
0.0073
0.0261
0.0053
0.0385
0.0304
0.0193
0.3136
7.349
0.0103
0.2768
0.6047
0.2348
0.2252
0.0139
0.2354
0.0097
0.304
0.9783
1.6035
0.2249
0.0673
0.0844
0.0622
0.0283
0.0823
0.1747
0.0051
0.0475
0.007
0.0109
0.0307
0.0122
0.0088
0.0078
0.0035
0.0071
0.0192
0.0448
0.0572
0.1091
0.0084
1.8989
0.0099
0.0397
0.0577
0.0144
0.0145
0.0699
0.083
0.0292
0.0147
0.008
0.0095
0.0098
0.0061
0.0119
0.0106
0.3902
0.0267
0.263
0.2851
1.6407
1.9191
4.447
0.0617
2.2232
0.0255
5.2281
0.0126
0.0302
0.0222
0.0125
0.011
0.0219
