0.011
0.001
0.002
0.001
0.006
0.003
0.002
0.031
0.013
0
0.005
0
0.003
0.014
0.009
0
0.554
0
0.006
0.004
0.006
0.002
0.045
0.152
0.013
0
0
0.002
0.06
0.027
0.004
0.006
0.006
0
0.011
0.026
0
0.002
0.002
0
0.002
0
0
0.003
0
0.03
2.366
0
0.014
0.028
0.018
0.025
0
0.006
0.001
0.006
0.034
1.194
0.014
0.018
0.007
0.009
0.003
0.013
0.064
0
0.032
0.001
0.007
0.001
0.001
0.001
0.002
0
0.001
0.002
0.007
0.004
0.028
0.032
1.007
0.002
0.008
0.005
0
0.002
0.012
0.018
0.011
0.002
0
0
0
0
0
0
0.002
0.003
0.006
0.292
0.427
1.131
0.258
0.067
0.874
0
4.778
0
0.003
0.001
0
0.001
0
