1233
415
908
1109
1534
1435
341
220
999
1278
1589
723
739
181
375
1101
1755
948
1613
1718
687
1222
247
1710
1276
435
1087
1534
1114
417
934
873
98
929
943
1139
964
1015
664
1081
1459
1258
877
462
1002
471
793
1270
472
572
642
1221
916
172
1463
849
524
720
980
1309
929
1156
709
1296
179
1019
1731
1145
293
149
365
874
598
1451
1181
1557
1664
964
1196
1676
1613
722
797
331
501
1616
493
1256
1782
1623
1664
451
1610
1401
1778
585
748
155
135
919
1089
1297
493
1625
1022
565
149
1513
1371
1685
926
800
1392
685
1036
627
1127
137
1218
264
601
1056
1630
201
1725
