0.2563
0.1677
0.3288
1.0339
0.3332
0.1646
0.3248
0.5442
0.4382
0.2064
0.1926
0.0451
0.1765
0.2738
0.2364
0.2109
0.229
0.186
0.1672
0.4371
0.2266
0.1763
0.1805
0.1623
0.1269
0.135
0.1439
0.1542
0.1481
0.1058
0.1925
0.2024
0.1073
0.1742
0.2277
0.0872
0.118
0.2307
0.1456
0.8754
0.12765
0.1561
0.1651
0.0804
0.1945
2.142
0.1663
0.2135
0.1325
0.1182
0.2058
0.2415
0.2934
0.23215
0.2053
0.1763
0.1691
0.1251
0.1379
0.1659
0.1261
0.1267
0.1723
0.23965
0.35605
0.3672
0.0734
0.1911
0.2198
0.383
0.1937
0.12345
0.26165
0.14415
0.0912
0.3663
0.4415
0.1931
0.1971
0.2237
0.2165
0.1643
0.4348
0.1857
0.1272
1.1619
0.0523
0.1426
0.2413
0.1779
0.0697
0.1422
0.2464
0.1649
0.1997
0.2138
0.2819
0.3049
0.1905
0.2094
0.1427
0.3051
0.2094
0.2986
0.2634
0.1577
0.2028
0.2598
0.1634
0.137
0.2934
0.3877
0.1812
0.205
0.141
0.193
0.2236
0.2715
0.1506
0.2221
0.1865
0.2179
0.1039
0.0868
0.095
0.1531
0.1402
0.1285
0.1691
0.1227
0.1258
0.0919
0.209
0.1321
0.0665
0.2073
0.0489
0.1353
0.046
0.0412
0.0314
0.1059
0.1091
0.1929
0.3255
0.2785
0.3855
0.1955
0.2948
0.2093
0.2027
0.3952
0.1733
0.4438
0.1654
0.1505
0.1233
0.2542
0.1744
0.2429
0.2046
0.1266
0.241
0.1409
0.1535
0.2596
0.2376
0.0974
0.1458
0.2585
0.1661
0.2139
0.1957
0.0791
0.1132
0.2798
0.1371
0.0836
0.2953
0.144
0.1587
0.2224
0.1938
0.3016
0.1446
0.2558
0.17
0.1627
0.1095
0.1651
0.185
0.0405
0.1439
0.0603
0.0831
0.3739
0.0716
0.0457
0.0613
0.0423
0.0407
0.1946
0.0914
0.1195
0.2379
0.1256
