0.1534
0.0871
0.0947
0.0197
0.5276
0.0495
0.1372
0.0656
0.0722
0.0555
0.0433
0.0544
0.4845
0.0255
0.044
0.0342
0.004
0.0673
0.07
0.0158
0.0197
0.0058
0.0379
0.1265
0.3316
0.0069
0.0489
0.0522
0.0859
0.3112
0.0845
0.0238
0.0886
0.034
0.0569
0.3325
0.0142
0.0811
0.1636
0.0116
6.4145
0.0046
0.2169
0.065
0.0312
0.3921
0.0291
0.0137
0.0384
0.0456
0.0249
0.0217
0.0252
0.0138
0.0201
0.0635
0.021
0.0115
0.0442
0.022
0.0294
0.0408
0.0375
0.0115
0.0236
0.0064
0.0057
0.0079
0.0039
0.0055
0.3059
0.2721
0.2581
0.4956
0.0222
0.4697
0.6049
0.0303
0.0324
0.2849
0.2318
0.0935
0.2527
0.528
0.2329
0.2146
0.2115
0.2213
0.0954
0.1951
0.2036
0.1739
0.1768
0.2146
0.2117
0.2179
0.0121
0.011
0.0242
0.0057
0.0359
0.0263
0.034
0.0047
0.01
0.0086
0.0346
0.017
0.0174
0.0163
0.0148
0.0104
0.016
0.0148
0.0155
0.0076
0.0099
0.0134
0.0109
0.0068
0.013
0.011
0.0132
0.0154
0.0153
0.0142
0.0137
0.0195
0.0193
0.0143
0.0571
0.0157
0.0275
0.0345
0.0144
0.015
0.0255
0.0259
0.4909
0.294
0.3334
0.3126
0.2814
0.0534
0.0115
0.2035
0.0261
0.064
0.0108
0.0537
0.437
0.0269
0.2227
0.2527
0.0043
0.0138
0.0477
0.0788
0.0709
0.1141
0.08
0.0195
0.5653
0.1032
0.17
0.0671
0.1607
0.4311
0.1313
0.0634
0.0792
0.0118
0.2197
0.1922
0.2027
0.1921
0.127
0.0683
0.2548
0.0635
0.0776
0.1158
0.1133
0.0115
0.2786
0.2527
0.127
0.15
0.006
0.0659
0.009
0.0123
0.0064
0.0104
0.0953
0.1008
0.1277
0.0754
0.0109
0.0844
0.2504
0.2713
0.1887
0.0121
0.213
0.0559
0.0677
0.1786
0.1892
0.2083
0.0959
0.0607
0.1327
0.1365
0.1365
0.0696
0.0696
0.1822
0.0608
0.0651
0.1495
0.1784
0.1627
0.3357
0.0345
0.0285
0.0251
0.0899
0.0624
0.0278
0.0333
0.01
0.0068
0.0063
0.0101
0.0136
0.0109
0.0047
0.029
0.0139
0.0024
0.0047
0.0055
0.0132
0.0084
0.0034
0.0177
0.0139
0.0112
0.0086
0.0079
0.0284
0.0191
0.0213
0.0247
0.0089
0.0089
0.005
0.003
0.0211
0.0168
0.008
0.0074
0.0254
0.0038
0.0577
0.0104
0.0101
0.015
0.0144
0.0166
0.0061
0.011
0.0081
0.005
0.0111
0.009
0.0023
0.0057
0.0102
0.0085
0.0155
0.0068
0.0053
0.0044
0.0047
0.0163
0.0169
0.0159
0.0225
0.0022
0.0258
0.0077
0.0214
0.0067
0.0175
0.0032
0.0052
0.0239
0.0081
0.0196
0.0555
0.0226
0.026
0.0098
0.0254
0.0279
0.0066
0.004
0.014
0.0268
0.0262
0.0437
0.0088
0.0666
0.0326
0.0323
0.0113
0.0128
0.0346
0.0158
0.0036
0.0336
0.0153
0.0113
0.0247
0.0265
0.025
0.0112
0.0156
0.0291
0.0199
0.0094
0.0034
0.0346
0.0092
0.031
0.0164
0.0034
0.0057
0.0196
0.0127
0.0151
0.003
0.0035
0.0069
0.0177
0.0096
0.0032
0.0422
0.0242
0.0058
0.021
0.0104
0.003
0.0039
