0.696
0.069
0.076
0.074
0.044
0.58
0.065
0.113
0.067
0.076
0.069
0.069
0.083
0.594
0.042
2.915
0.035
0.05
0.042
0.075
0.076
0.047
0.047
0.042
0.065
0.107
0.197
0.043
0.056
0.093
0.076
0.176
0.12
0.053
0.104
0.265
0.1
0.182
0.055
0.109
0.136
0.064
1.995
0.047
0.57
0.106
0.067
0.124
0.059
0.054
0.064
0.113
0.079
0.059
0.047
0.059
0.047
0.053
0.072
0.054
0.036
0.066
0.054
0.085
0.054
0.062
0.066
0.051
0.06
0.035
0.037
0.035
0.035
0.035
0.039
0.58
0.592
0.589
1.62
0.284
0.054
0.696
0.404
0.066
0.067
0.582
0.589
0.503
0.583
0.102
0.563
0.59
0.586
0.563
0.11
0.57
0.572
0.564
0.566
0.594
0.589
0.596
0.06
0.06
0.062
0.044
0.094
0.096
0.104
0.042
0.045
0.545
0.047
0.101
0.048
0.096
0.062
0.054
0.058
0.05
0.059
0.059
0.042
0.051
0.052
0.05
0.041
0.051
0.065
0.051
0.053
0.052
0.051
0.052
0.079
0.057
0.061
0.085
0.123
0.089
0.071
0.062
0.082
0.061
0.055
0.076
0.07
0.822
0.678
0.652
0.634
0.677
0.094
0.065
0.668
0.064
0.069
0.055
0.1
0.172
0.073
0.585
0.763
0.042
1.24
0.058
0.129
0.114
0.126
0.597
0.133
0.072
0.853
0.084
0.133
0.132
0.138
0.673
0.131
0.102
0.105
0.054
0.623
0.601
0.642
0.575
0.132
0.098
0.597
0.957
0.098
0.103
0.117
0.115
0.053
0.676
0.613
0.11
0.129
0.047
0.09
0.152
0.055
0.036
0.149
0.038
0.074
0.146
0.105
0.1
0.055
0.104
0.978
0.6
0.643
0.186
0.059
0.614
0.099
0.099
0.637
0.591
0.166
0.107
0.12
0.132
0.134
0.146
0.106
0.103
0.166
0.1
0.101
0.586
0.643
0.134
0.074
0.078
0.139
0.065
0.122
0.126
0.082
0.07
0.232
0.047
0.056
0.046
0.044
0.082
0.048
0.048
0.105
0.123
0.045
0.035
0.035
0.058
0.06
0.053
0.043
0.151
0.062
0.043
0.087
0.052
0.165
0.067
0.085
0.064
0.062
0.064
0.055
0.049
0.049
0.049
0.048
0.079
0.066
0.072
0.059
0.045
0.074
0.105
0.041
0.07
0.054
0.05
0.062
0.062
0.061
0.044
0.06
0.096
0.039
0.044
0.055
0.05
0.041
0.046
0.047
0.051
0.053
0.043
0.042
0.038
0.044
0.108
0.066
0.062
0.06
0.065
0.041
0.065
0.043
0.045
0.042
0.06
0.039
0.229
0.043
0.052
0.042
0.054
0.062
0.054
0.055
0.039
0.06
0.058
0.043
0.043
0.047
0.158
0.069
0.081
0.047
0.094
0.076
0.059
0.053
0.052
0.077
0.077
0.063
0.047
0.068
0.177
0.06
0.066
0.077
0.071
0.065
0.059
0.062
0.068
0.065
0.06
0.049
0.078
0.053
0.068
0.062
0.048
0.052
0.062
0.062
0.06
0.048
0.044
0.052
0.062
0.063
0.047
0.073
0.065
0.052
0.063
0.061
0.047
0.047
