0
0.042
0.02
0.811
0.043
0.104
0.009
0.001
0.002
0.005
0.003
0
0.015
0.003
0
0.9
0.353
0.123
0
0.002
0.005
0.027
0.001
0.007
0.001
0.02
4.948
0.008
0.031
0.006
0.022
0
0.699
0.038
0.001
0.028
0.103
0
0.006
0
0.011
0.006
0.002
0.001
0.001
0.001
0.001
0.514
0.001
0.006
0.003
0
0
0.003
0
0
0.001
0.005
0.003
0.001
0.002
0
0.001
0.002
0.008
0.001
0.003
0.016
0.004
0.153
0.003
0.002
0.635
0
0.036
0.015
0.091
0.013
0.008
0.079
0.052
0.003
0.041
0.19
0.005
0.009
0.079
0.007
0.043
0.17
0.002
0.003
0.035
0.007
0.007
0.013
0.017
0.001
0.004
0.015
0.006
0.036
0
0
0
0
0
0
0
0
0.001
0
0.009
0.049
0.006
0.001
0.061
0.037
0.014
1.307
0
0.011
0.045
0.058
0.178
0
0.006
0.016
0.013
0.023
0
0.001
0.002
0.002
0.004
0
0.036
3.017
0.001
0.094
0.206
0.004
0.002
0
0.002
0.002
0.011
0.002
0.08
0.001
0
1.139
1.972
0.145
0.006
0.002
0
0.05
0
0.082
0.562
0.003
0.005
0.016
0.001
0.105
0
0.011
0.001
0.045
0.008
0.049
0
0.368
0.23
0.001
0
0.111
0.001
0.147
0.002
0.004
0.001
0.048
0.004
0.038
0.001
0
0
0
0
0.043
0.047
0.033
0.01
0.002
0.003
0.122
0
0.228
0.426
0.002
0.005
0.003
0.007
0.115
0.157
0.002
0.026
0.12
0.007
0.008
0.033
0.003
0.001
0
0
0
0
0.01
0.075
1.068
0.106
0.005
0.011
0.007
0.015
0.099
0.359
0.062
0.048
0.017
0.022
0.016
0.039
0.022
0.217
0.034
0.379
0.02
0.07
0.051
0.102
0.02
0.045
0.022
0.001
0.008
0.007
0
0.01
0.001
0
0
0
0
0.246
0.003
0.007
0.009
0.01
0.013
3.848
9.154
0.009
0.014
0.015
0.008
0.007
0.063
0.17
0.176
0.002
0.022
0.004
0
0.007
0.008
0.005
0
0.001
0
0
0
4.117
8.793
0.006
0.009
0.004
0.008
0.006
0.001
0.081
0.03
4.331
0.005
0.064
0.054
0.381
0.016
0.349
0.003
0.003
0.007
0.001
0.005
0.032
3.052
3.43
0.047
1.961
0.001
0.001
3.483
3.027
0
2.7
3.615
0.019
0.022
0.621
0.007
0.003
0.303
0.01
3.351
3.098
3.786
3.531
3.79
3.418
0.006
0.015
0.006
0.004
0.006
0.003
0.008
0
0.002
0.128
0.001
0.003
0.005
0
0.001
0
0
0.002
0.002
0.009
0
0.006
0.002
0.003
0.005
0.008
0.009
0.002
0
0
0
0.006
0.002
0.002
0.001
0.003
0.003
0.001
0.003
0.001
0.001
0.001
0
0.005
0.001
0.005
0.004
0.004
0.001
0.002
0.002
0.012
0
0
0.005
0
0
2.055
0.038
0.003
0.003
0.033
0.031
0.001
0.027
0.002
0.001
0.004
0.285
0
0.027
0
0.012
6.772
0
0.017
0.01
0.002
0.047
0.025
0.001
0.005
0.006
0.002
