0.0317
0.1036
0.072
1.186
0.1516
0.194
0.0598
0.1536
0.0287
0.0418
0.0422
0.0314
0.3397
0.0206
0.0186
1.0883
0.3323
0.1511
0.0174
0.0182
0.0275
0.0437
0.0107
0.0678
0.011
1.1985
6.0132
0.0565
0.0682
0.04
0.0549
0.0246
1.2361
0.0964
0.0247
0.0661
0.1544
0.0331
0.0587
0.0213
0.0459
0.045
0.0225
0.0199
0.0271
0.0136
0.0158
0.6188
0.0138
0.043
0.035
0.0214
0.0236
0.0251
0.0247
0.0144
0.0157
0.0208
0.0261
0.0239
0.0264
0.0206
0.0125
0.018
0.0513
0.0344
0.0155
0.0389
0.0182
0.6273
0.2727
0.2597
1.1897
0.0841
0.2356
0.1713
0.135
0.1217
0.1141
0.0753
0.1499
0.3669
0.0544
0.0717
0.1342
0.1036
0.1823
0.3369
0.0526
0.0826
0.1056
0.0696
0.0779
0.1232
0.269
0.0383
0.0623
0.0982
0.0633
0.1132
0.0142
0.0087
0.0096
0.012
0.0098
0.0088
0.0093
0.0096
0.0108
0.0027
0.0293
0.0793
0.0426
0.0549
0.119
0.1369
0.153
3.19645
0.0064
0.213566666667
0.229266666667
0.4209
0.0235
0.0231
0.0359
0.0116
0.0265
0.0282
0.0126
0.0055
0.0046
0.0187
0.0167
0.0279
3.0192
0.0033
0.0483
0.1676
0.0176
0.0162
0.0056
0.0199
0.0085
0.021
0.0066
0.1757
0.0153
0.0249
1.6552
5.8122
0.218
0.0208
0.01415
0.0214
0.1199
0.0054
0.1421
0.6356
0.0257
0.011
0.0618
0.1061
0.0122
0.0054
0.0857
0.0429
0.185
0.0273
0.5065
0.294
0.0341
0.0356
0.1744
0.0338
0.4276
0.0449
0.044
0.0408
0.1059
0.0201
0.1762
0.0318
0.0278
0.009
0.0463
0.0162
0.1346
0.1248
0.1669
0.1453
0.0258
0.0211
0.2534
0.0417
0.2635
0.2578
0.0408
0.0433
0.0299
0.0434
0.1588
0.655
0.0306
0.0621
0.1827
0.0247
0.0395
0.09245
0.0172
0.0038
0.008
0.0038
0.0086
0.0079
0.1047
0.0739
1.0606
0.1517
0.0376
0.0546
0.0301
0.1412
0.1528
0.2369
0.1634
0.1179
0.1297
0.1343
0.1159
0.1549
0.0989
0.2366
0.1664
0.268
0.1028
0.1304
0.137
0.2445
0.0984
0.2538
0.1579
0.0088
0.1363
0.0375
0.0367
0.0484
0.00485
0.00395
0.01385
0.01535
0.0138
0.1861
0.0328
0.0367
0.0323
0.02675
0.07705
8.3463
4.7553
0.03375
0.0467
0.0524
0.0552
0.0061
0.05835
0.0264
0.0148
0.0875
0.0728
0.0259
0.0164
0.057
0.0438
0.0424
0.0397
0.0522
0.0294
0.0449
0.013
0.0138
0.0438
0.0682
0.0543
0.0254
0.0283
0.0259
0.034
0.0498
0.0399
0.029
0.0719
0.0103
0.0458
0.1757
0.1014
0.0427
0.0135
0.016
0.0255
0.0087
0.0293
0.0289
0.0133
0.0212
0.0162
0.0235
0.0128
0.0325
0.0279
0.021
0.0127
0.0083
0.014
0.0193
0.0321
0.021
0.0112
0.0113
0.0498
0.0496
0.042
0.0457
0.0515
0.0769
0.0338
0.0268
0.4785
0.1376
0.0577
0.0543
0.0605
0.0898
0.0165
0.0609
0.0287
0.0056
0.0201
0.5286
0.0082
0.0565
0.0123
0.0321
7.7461
0.0118
0.0408
0.0526
0.0191
0.0913
0.0653
0.0022
0.019
0.0418
0.0061
